?..#?.??#?...??##?????..#?.??#?...??##?????..#?.??#?...??##?????..#?.??#?...??##?????..#?.??#?...??##??? [1, 2, 2, 1, 5, 1, 2, 2, 1, 5, 1, 2, 2, 1, 5, 1, 2, 2, 1, 5, 1, 2, 2, 1, 5] 32
?????????#???????????#???????????#???????????#???????????#? [1, 4, 1, 1, 4, 1, 1, 4, 1, 1, 4, 1, 1, 4, 1] 1728845
????#?????.???#?????#?????.???#?????#?????.???#?????#?????.???#?????#?????.???# [1, 3, 2, 4, 1, 3, 2, 4, 1, 3, 2, 4, 1, 3, 2, 4, 1, 3, 2, 4] 506250
#???#???##???#???#???##???#???#???##???#???#???##???#???#???##?? [1, 9, 1, 9, 1, 9, 1, 9, 1, 9] 32
??#???#??????#???#??????#???#??????#???#??????#???#??? [2, 3, 2, 3, 2, 3, 2, 3, 2, 3] 3125
..?.???#.????.???#?..?.???#.????.???#?..?.???#.????.???#?..?.???#.????.???#?..?.???#.????.???# [1, 2, 4, 1, 1, 1, 2, 4, 1, 1, 1, 2, 4, 1, 1, 1, 2, 4, 1, 1, 1, 2, 4, 1, 1] 2500
??.???????#?#.??#???.???????#?#.??#???.???????#?#.??#???.???????#?#.??#???.???????#?#.??# [1, 3, 3, 2, 1, 3, 3, 2, 1, 3, 3, 2, 1, 3, 3, 2, 1, 3, 3, 2] 3368871
???#?????#?.????#?????#?.????#?????#?.????#?????#?.????#?????#?. [5, 1, 5, 1, 5, 1, 5, 1, 5, 1] 2500
.???.???????????#?.?.???.???????????#?.?.???.???????????#?.?.???.???????????#?.?.???.???????????#?. [2, 10, 2, 10, 2, 10, 2, 10, 2, 10] 5741
????#?.??#??.?????#?.??#??.?????#?.??#??.?????#?.??#??.?????#?.??#??. [5, 1, 5, 1, 5, 1, 5, 1, 5, 1] 32
.?.?.????#???????.?.?.?.?.????#???????.?.?.?.?.????#???????.?.?.?.?.????#???????.?.?.?.?.????#???????.?. [1, 1, 1, 7, 1, 1, 1, 1, 7, 1, 1, 1, 1, 7, 1, 1, 1, 1, 7, 1, 1, 1, 1, 7, 1] 1181544648
..#???????.?.????..#???????.?.????..#???????.?.????..#???????.?.????..#???????.?.??? [5, 1, 1, 1, 1, 5, 1, 1, 1, 1, 5, 1, 1, 1, 1, 5, 1, 1, 1, 1, 5, 1, 1, 1, 1] 2592
.???#?#?.??.???#?#?.??.???#?#?.??.???#?#?.??.???#?#?.? [4, 2, 1, 4, 2, 1, 4, 2, 1, 4, 2, 1, 4, 2, 1] 16
?????##??#.???##??#???????##??#.???##??#???????##??#.???##??#???????##??#.???##??#???????##??#.???##??#? [8, 8, 8, 8, 8, 8, 8, 8, 8, 8] 512
#???..#.?#??#?#???..#.?#??#?#???..#.?#??#?#???..#.?#??#?#???..#.?#??# [2, 1, 2, 1, 2, 1, 2, 1, 2, 1, 2, 1, 2, 1, 2, 1, 2, 1, 2, 1] 32
?#??????.#?#?.?..#??#??????.#?#?.?..#??#??????.#?#?.?..#??#??????.#?#?.?..#??#??????.#?#?.?..# [5, 1, 4, 1, 5, 1, 4, 1, 5, 1, 4, 1, 5, 1, 4, 1, 5, 1, 4, 1] 7203
????#.?.?#???????#.?.?#???????#.?.?#???????#.?.?#???????#.?.?#?? [3, 1, 3, 1, 3, 1, 3, 1, 3, 1] 1
#??????###?#??????###?#??????###?#??????###?#??????### [1, 1, 4, 1, 1, 4, 1, 1, 4, 1, 1, 4, 1, 1, 4] 243
.?..????????.?..????????.?..????????.?..????????.?..??????? [1, 3, 3, 1, 3, 3, 1, 3, 3, 1, 3, 3, 1, 3, 3] 81
#?#??#?#?##??#.???#?#??#?#?##??#.???#?#??#?#?##??#.???#?#??#?#?##??#.???#?#??#?#?##??#.?? [3, 1, 1, 5, 2, 3, 1, 1, 5, 2, 3, 1, 1, 5, 2, 3, 1, 1, 5, 2, 3, 1, 1, 5, 2] 1
???#?.????.?????#?.????.?????#?.????.?????#?.????.?????#?.????.? [4, 1, 1, 4, 1, 1, 4, 1, 1, 4, 1, 1, 4, 1, 1] 2275854
?#??#..???????.?#????#??#..???????.?#????#??#..???????.?#????#??#..???????.?#????#??#..???????.?#?? [2, 1, 1, 1, 1, 4, 2, 1, 1, 1, 1, 4, 2, 1, 1, 1, 1, 4, 2, 1, 1, 1, 1, 4, 2, 1, 1, 1, 1, 4] 20608500
#.##???.#??##????##?#.##???.#??##????##?#.##???.#??##????##?#.##???.#??##????##?#.##???.#??##????## [1, 2, 1, 1, 4, 4, 1, 2, 1, 1, 4, 4, 1, 2, 1, 1, 4, 4, 1, 2, 1, 1, 4, 4, 1, 2, 1, 1, 4, 4] 32
??#?#??.?????#??##???#?#??.?????#??##???#?#??.?????#??##???#?#??.?????#??##???#?#??.?????#??## [1, 1, 1, 1, 5, 2, 1, 1, 1, 1, 5, 2, 1, 1, 1, 1, 5, 2, 1, 1, 1, 1, 5, 2, 1, 1, 1, 1, 5, 2] 1024
?#??#????#?#?#???#??#????#?#?#???#??#????#?#?#???#??#????#?#?#???#??#????#?#?#? [2, 1, 1, 6, 2, 1, 1, 6, 2, 1, 1, 6, 2, 1, 1, 6, 2, 1, 1, 6] 7776
??#???????#?????????#???????#?????????#???????#?????????#???????#?????????#???????#?????? [7, 1, 1, 1, 7, 1, 1, 1, 7, 1, 1, 1, 7, 1, 1, 1, 7, 1, 1, 1] 287650922
???..??.??????..??.??????..??.??????..??.??????..??.?? [1, 1, 1, 1, 1, 1, 1, 1, 1, 1] 74271632
.??#??????#?????###??.??#??????#?????###??.??#??????#?????###??.??#??????#?????###??.??#??????#?????###? [2, 8, 3, 2, 8, 3, 2, 8, 3, 2, 8, 3, 2, 8, 3] 3125
??.???..#?.??#???????.???..#?.??#???????.???..#?.??#???????.???..#?.??#???????.???..#?.??#???? [2, 2, 1, 3, 2, 2, 1, 3, 2, 2, 1, 3, 2, 2, 1, 3, 2, 2, 1, 3] 18872432
????.??????????.??????????.??????????.??????????.????? [2, 1, 1, 2, 1, 1, 2, 1, 1, 2, 1, 1, 2, 1, 1] 340392829
.#???##??##?#??.??.#???##??##?#??.??.#???##??##?#??.??.#???##??##?#??.??.#???##??##?#??.? [2, 10, 2, 10, 2, 10, 2, 10, 2, 10] 32
.?#????.#???.?#????.#???.?#????.#???.?#????.#???.?#????.#?? [2, 2, 2, 2, 2, 2, 2, 2, 2, 2] 32
?.?#???.#????#????#???.?#???.#????#????#???.?#???.#????#????#???.?#???.#????#????#???.?#???.#????#????#? [1, 5, 1, 1, 3, 1, 1, 5, 1, 1, 3, 1, 1, 5, 1, 1, 3, 1, 1, 5, 1, 1, 3, 1, 1, 5, 1, 1, 3, 1] 7203
?###????..#??#???###????..#??#???###????..#??#???###????..#??#???###????..#??#? [6, 1, 5, 6, 1, 5, 6, 1, 5, 6, 1, 5, 6, 1, 5] 1
?????.##?.??????.##?.??????.##?.??????.##?.??????.##?. [2, 2, 2, 2, 2, 2, 2, 2, 2, 2] 9036
??#???????????#?????#???????????#?????#???????????#?????#???????????#?????#???????????#?? [1, 1, 2, 4, 4, 1, 1, 2, 4, 4, 1, 1, 2, 4, 4, 1, 1, 2, 4, 4, 1, 1, 2, 4, 4] 2500
?#?#??#?#.#????#?#??#?#.#????#?#??#?#.#????#?#??#?#.#????#?#??#?#.#?? [1, 1, 4, 1, 1, 1, 4, 1, 1, 1, 4, 1, 1, 1, 4, 1, 1, 1, 4, 1] 1
#??#?.?????#?#??#?.?????#?#??#?.?????#?#??#?.?????#?#??#?.?????# [2, 1, 3, 1, 2, 1, 3, 1, 2, 1, 3, 1, 2, 1, 3, 1, 2, 1, 3, 1] 32
?#?##..???#??#..?????#?##..???#??#..?????#?##..???#??#..?????#?##..???#??#..?????#?##..???#??#..??? [4, 7, 2, 4, 7, 2, 4, 7, 2, 4, 7, 2, 4, 7, 2] 162
.????#?????#?.??.?.????#?????#?.??.?.????#?????#?.??.?.????#?????#?.??.?.????#?????#?.??. [1, 8, 2, 1, 8, 2, 1, 8, 2, 1, 8, 2, 1, 8, 2] 122900
??###??...#?###??..???###??...#?###??..???###??...#?###??..???###??...#?###??..???###??...#?###??.. [3, 6, 3, 6, 3, 6, 3, 6, 3, 6] 1
???#?#.?.??#?.?????#?#.?.??#?.?????#?#.?.??#?.?????#?#.?.??#?.?????#?#.?.??#?.? [3, 4, 3, 4, 3, 4, 3, 4, 3, 4] 1
?#?????#????#????#?????#????#????#?????#????#????#?????#????#????#?????#????#?? [1, 9, 1, 9, 1, 9, 1, 9, 1, 9] 768
???#.??..????.#?##?????#.??..????.#?##?????#.??..????.#?##?????#.??..????.#?##?????#.??..????.#?##? [1, 1, 1, 2, 1, 5, 1, 1, 1, 2, 1, 5, 1, 1, 1, 2, 1, 5, 1, 1, 1, 2, 1, 5, 1, 1, 1, 2, 1, 5] 1024
???.?.????..????.?.????..????.?.????..????.?.????..????.?.????.. [3, 1, 2, 3, 1, 2, 3, 1, 2, 3, 1, 2, 3, 1, 2] 16384
.?????????#.??.?????????#.??.?????????#.??.?????????#.??.?????????#.? [4, 5, 1, 4, 5, 1, 4, 5, 1, 4, 5, 1, 4, 5, 1] 16
?????.???.?#????????.???.?#????????.???.?#????????.???.?#????????.???.?#?? [1, 3, 2, 1, 3, 2, 1, 3, 2, 1, 3, 2, 1, 3, 2] 40154958
?.??..????#??.??..????#??.??..????#??.??..????#??.??..????# [2, 1, 1, 2, 1, 1, 2, 1, 1, 2, 1, 1, 2, 1, 1] 56471
